,MSSubClass,MSZoning,LotFrontage,LotArea,Street,LotShape,LandContour,Utilities,LotConfig,LandSlope,Condition1,Condition2,BldgType,HouseStyle,OverallQual,OverallCond,YearBuilt,YearRemodAdd,RoofStyle,RoofMatl,Exterior1st,Exterior2nd,MasVnrArea,ExterQual,ExterCond,Foundation,BsmtQual,BsmtCond,BsmtExposure,BsmtFinType1,BsmtFinSF1,BsmtFinType2,BsmtFinSF2,BsmtUnfSF,TotalBsmtSF,Heating,HeatingQC,CentralAir,1stFlrSF,2ndFlrSF,LowQualFinSF,GrLivArea,BsmtFullBath,BsmtHalfBath,FullBath,HalfBath,BedroomAbvGr,KitchenAbvGr,KitchenQual,TotRmsAbvGrd,Functional,Fireplaces,FireplaceQu,GarageFinish,GarageCars,GarageArea,GarageQual,GarageCond,PavedDrive,WoodDeckSF,OpenPorchSF,EnclosedPorch,3SsnPorch,ScreenPorch,PoolArea,PoolQC,Fence,MiscVal,MoSold,YrSold,SaleType,SaleCondition,SalePrice,Bsmt,BldAge,RenovationAfter,MSClass,Location,HasPool,HasFence
MSSubClass,1.0,0.03590006024553117,-0.35671753042869087,-0.4626392970081937,-0.02496859110269692,0.11536112191678173,-0.0029396985462793353,0.02284383560025926,0.07590993476269503,0.025671507534940553,-0.024761769594588534,-0.04239476561305654,0.7460629359877883,0.39716099194281906,0.032627707521842186,-0.05931581708410461,0.027850136946706617,0.0405810447840647,-0.11781652581320114,-0.03133648057732797,-0.08915854786290454,-0.13722852284735626,0.02357296811038265,0.016177808126791184,-0.0646855317742406,0.05812640841897881,0.05112206171273312,-0.01583928687395558,0.05114968117265768,0.02738897259401599,-0.06983574916710103,-0.024330317217592653,-0.06564857918852456,-0.14075948083501214,-0.23851840931512,0.0480094698665642,-0.01945755312295814,-0.10177449310467382,-0.2517583518783804,0.30788572075985965,0.06586074009611496,0.07485317965779979,0.00349102577904494,-0.0023325345518021793,0.13160822241028183,0.17735438864391526,-0.02343802846062763,0.281721040264881,-0.01238261824682266,0.04038006478367577,-0.006715517199063327,-0.045569340274569284,-0.03920148309254598,-0.033077251273057266,-0.04010979313578374,-0.09867154319256446,-0.07294581857934375,-0.08984649611730736,-0.05992493906199165,-0.012579358249219704,-0.0061001212319422415,-0.012036621902094572,-0.0364436746736257,-0.026030176699806493,0.008558077206989373,0.014198104028555474,-0.07992070190292262,-0.03319348780990123,-0.013584643238322446,-0.021407037851093803,0.012464234827283226,-0.02493957783277344,-0.08428413512659523,-0.044999841097324425,-0.04196694537616914,-0.00013657346225587452,0.43222950384921655,0.04035261653547213,0.00861020866420766,-0.10387042664107556
MSZoning,0.03590006024553117,1.0,-0.10596068904184382,-0.09880922504757192,0.08765385394779396,0.061729456059408654,-0.017854135771672955,0.0011920336284104544,-0.009895037370365746,0.02205503931073034,-0.027873815594704685,0.044606072432189656,0.005690470838559291,-0.10531478081540083,-0.1600991773969082,0.18695110169874074,-0.3089081606360638,-0.17472766140720167,-0.00030067281482476244,0.005132682228542435,-0.008558494208014859,0.006962587224453456,-0.06282997741248686,-0.19568890326254457,0.09110089724003839,-0.23517395727607798,-0.16894038503472766,-0.03784153545446144,-0.017745135220872874,-0.09154488943263103,-0.049127762362665826,0.04206822557347853,0.02808603420178162,-0.04674936546222983,-0.0878340371947234,0.056865877441810736,-0.16286589270176044,-0.04952273675803139,-0.05561447196737453,-0.05148125208484323,0.0020243510070737936,-0.0826153473081716,-0.01852557246937128,0.0071928735414262335,-0.1982903834674722,-0.13387642057940613,-0.01647135560772958,0.049433965146724754,-0.16091353357268565,-0.04319994289574289,-0.09153069187079312,-0.01134916718030158,-0.025550075996785594,-0.16769473978075228,-0.1570421277277934,-0.1892504531465711,-0.08705678497839446,-0.07982439747156986,-0.10036578431166086,-0.00947657207552244,-0.15470402981782225,0.11550864629961428,0.0023391952942725526,0.019088712844129423,-0.0031595788013344794,-0.003015856889727633,0.06612794391649651,0.005677952559494165,-0.03149577641551708,-0.020627570094265333,0.09743726516362824,0.009493514076047779,-0.16687220265320576,-0.046065422658968985,0.17344568030249546,0.23380009983601224,0.09659582571980496,-0.23431489188223298,-0.0031603295084953378,0.06851657085750916
LotFrontage,-0.35671753042869087,-0.10596068904184382,1.0,0.5657692759267883,-0.03734944594619393,-0.19141952919955088,-0.07607967155563694,0.0010268681067023826,-0.1778214639361924,-0.06560322793290738,-0.009340924488378569,0.0025988340119690594,-0.4080130583197458,0.030567277286280305,0.23481225627196242,-0.05328066820374141,0.11668539243209132,0.08334808718378263,0.15399929428565773,0.08127737988285214,0.07545478530256779,0.09951476343181105,0.17846857314547948,0.1655672236354385,-0.016430263550728016,0.09841760962038833,0.1418359409967391,0.046888072006455346,0.1614785578479394,0.07256563835212708,0.2143666136116406,0.018034823758924193,0.04246322795564038,0.12409820985842629,0.36347231164102556,-0.02032473370761499,0.0900513548693716,0.06734959455486661,0.41377253243790985,0.07238802081115829,0.012075316604922495,0.3680074391539324,0.09034286539491179,-0.006978994286688713,0.1805337931513574,0.04722164046241551,0.23684003498922188,-0.004904670523842126,0.1698288372812428,0.32051765620617456,0.02318472117956953,0.23322063997718098,0.2244251878565353,0.2165750417464477,0.2695392541445378,0.3235109288124911,0.10722979980985038,0.10255173477126049,0.08812072196395637,0.07554210910605016,0.13701356064547943,0.010287212505191058,0.053412633805856674,0.03765507744005896,0.20360387654650783,0.23156153215508044,0.03065659100815246,0.007193630743410588,0.010450683387403285,0.006380433345194597,-0.03141234739582173,0.05885692390808111,0.33477085313976035,0.22614134902247915,-0.08286921388187915,-0.07368231354480398,-0.04085099073895203,0.03491184676687393,0.20756587024642847,0.03016303889764327
LotArea,-0.4626392970081937,-0.09880922504757192,0.5657692759267883,1.0,-0.1057316673511716,-0.3609610075994846,-0.10467136383647258,-0.023404035223435416,-0.18710755681409402,-0.25590152143107797,0.058579465216329674,0.028730175759456442,-0.5649105613876865,-0.04555871458241579,0.17822004613982978,-0.006307665348357744,0.021943303013167142,0.027672196401435773,0.14294036070007426,0.1733926335333103,0.08539284833976155,0.10388174342516339,0.12236189429255134,0.10335760660763375,0.038401997860606475,0.019087697833847644,0.08170958860881684,0.02688312903609093,0.21214737940951517,0.04305851933403799,0.23097834756978064,0.05963753241137,0.09221875167846118,0.07724111796711154,0.35184378744834616,7.049705860185502e-05,0.04709367690646609,0.05767817095924636,0.44387315862367305,0.08047454711543897,-0.01068106422476776,0.39458792752949445,0.13827906984632451,0.04521974549042632,0.17919264290239187,0.038728375109709376,0.2791727123228966,0.0016731828274770904,0.11849973553444748,0.36013140451793374,-0.022419388075385738,0.32776489714125556,0.27555314615849097,0.19083563102090537,0.2720103419891257,0.3220483813817084,0.14597274803801663,0.13706066916389595,0.023295748446473044,0.19985529668923144,0.14722554670757304,0.010945384604080363,0.05537520324496551,0.09738127961727686,0.09725733278091461,0.1015339115144822,0.004088841223962818,0.08029769918252719,0.010518328278833745,-0.027163614707613058,-0.002437152829480503,0.05360101378745476,0.3885283824240989,0.22778797311473048,-0.029331975181684292,-0.0037361491762609982,0.00519998362707086,0.07488456592791415,0.09818632680444833,-0.0008719363319927168
Street,-0.02496859110269692,0.08765385394779396,-0.03734944594619393,-0.1057316673511716,1.0,0.010128619022966601,0.11599517234685978,-0.0016817668047428916,0.013960298589364067,0.17935952128248417,-0.0716574549462113,0.0020389372292065485,-0.01824303509165913,0.02370366244685528,0.058823186670459576,0.04284839868147324,0.021136760051271013,0.0654648242956895,-0.019731610028708067,0.008080966014661694,0.0025051200009042576,0.006165918824980209,0.017108357232015554,0.10024738576613833,-0.015212327330522583,0.03527719169648597,0.01141592943607254,-0.0075726726222505,-0.0925037845457854,0.016642681545916874,-0.015642721830988443,-0.07821221735834132,-0.03848673566204969,0.03522875328125953,0.005067534070866097,0.007904256932950394,0.04321105778874897,0.06986857817990932,0.005949724112527029,0.046982588488408465,0.008582373643090163,0.0441213357478994,-0.05052427595120475,0.015485329123944784,0.04647060169887045,0.027627975457163566,0.02886497047294482,0.01358339927684015,0.06566890322461792,0.04682843005227299,-0.015227252790504586,-0.0053481173668547466,0.023373566607202776,0.015528541136086283,-0.020024632745867806,-0.04779429321486624,0.027581042792818377,0.027581847411607924,0.024521473258156717,-0.017989759827088808,-0.005663817901614765,0.023082387938633417,0.008255986279746077,-0.03316005743064555,0.004457655068120235,0.004254886677788174,0.02921052914673995,-0.13530333594245,0.003690033919797353,-0.025043235205040565,0.01433949744888533,0.006063866090231844,0.04103553550004989,-0.021118728460991512,-0.06709167307189014,0.02913641341650152,-0.08497361987729707,-0.043738030396788176,0.004458714194602156,0.03136098388730934
LotShape,0.11536112191678173,0.061729456059408654,-0.19141952919955088,-0.3609610075994846,0.010128619022966601,1.0,0.13194812786984145,0.02661571344845264,0.22881437237171642,0.14424843659361897,-0.13447174367502057,-0.0322683078765135,0.11484820044968619,-0.10170034500552043,-0.19899376816487555,0.03374664227524116,-0.2293649585001698,-0.17548803638056146,0.0007376595584750265,-0.07680918434910451,-0.03559701047415782,-0.044389943585168824,-0.0897996513510449,-0.18866759907212338,-0.014073200761421474,-0.15420791006616627,-0.21155682102105378,-0.10825220521003567,-0.18353992880090989,-0.11149214112000363,-0.15771800924691384,-0.061512922158737854,-0.06041945162979265,-0.014178898436782817,-0.2004691684539232,0.06236079409472447,-0.11955585886039591,-0.09913784260593023,-0.1892514130356821,-0.08937970396442192,0.022316106706917378,-0.21274135715825357,-0.06463838278416792,-0.057729029571544126,-0.1842126487010557,-0.11657593621144934,-0.060027563638457834,0.09486962103415549,-0.15793334805044063,-0.1371484480047761,-0.023443796058800162,-0.20201936151264852,-0.19311166941047916,-0.23652688918159764,-0.19498379299773044,-0.17347202076343918,-0.10921837174671506,-0.10286357421979372,-0.1036432907192114,-0.16171679818016227,-0.0931347842743628,0.0950919478889919,-0.032493363117590886,-0.06518217240407784,-0.052511259117719956,-0.05420854391194133,0.05849929159275179,-0.018681364742411787,-0.026616943121655714,0.037391360808113255,-0.01156046521633598,-0.04785167936118145,-0.2677593139178206,-0.18059674009463744,0.17790731312223315,0.13500585055774447,0.11129776254650567,-0.07185283788543192,-0.05352955064473288,0.07673437206989567
LandContour,-0.0029396985462793353,-0.017854135771672955,-0.07607967155563694,-0.10467136383647258,0.11599517234685978,0.13194812786984145,1.0,-0.008238030043629569,-0.025527353642065473,0.37426717404096616,0.02480096006079445,-0.016185045420868353,0.051142773017362156,0.07523376458850027,0.028907307868038815,-0.045270711199393895,0.161622387559156,0.09337417566538331,-0.0042464495233401345,-0.02022941747345671,-0.011808541829089594,-0.034081842094354046,0.048274124283410845,0.09725233916906469,0.014229339569992526,0.05347782745157889,0.03639797038575616,0.022544903463427694,-0.08729564741194878,0.0654403971568268,-0.018096902707501344,0.023183696604942676,0.00859468267955919,0.020694219704710866,0.005189399150152843,0.015745902334466825,0.07993761646066035,0.10540979926621087,-0.0421032005940415,-0.03424483032362876,-0.0769041057124267,-0.0685232183192383,0.0097734641654154,0.019060728898215706,0.0503633144106472,0.02972707194247076,-0.04085055644683029,-0.03895902368220186,0.07191402187981323,-0.05345767987945518,0.022597986943488794,-0.05223877052360776,-0.053358063110437476,0.09396469013671543,0.045769143565625135,0.0476264335642657,0.07280337968929516,0.06176298193404878,0.14092084814752115,-0.0028786783139863265,0.04067617566220739,-0.058742401598760895,-0.040568881032256456,0.0038356217802391675,-0.019070090973859432,-0.022371554967804807,0.024762139620832076,0.02070685830247327,-0.011598518970433805,0.020506920981377623,-0.025753539765389327,0.033809228559042497,0.01545324166096035,-0.007022331339291329,-0.09220999436919314,-0.120675827188488,-0.06534753699006203,-0.09131199796499821,-0.020208679183927093,0.04064848777680454
Utilities,0.02284383560025926,0.0011920336284104544,0.0010268681067023826,-0.023404035223435416,-0.0016817668047428916,0.02661571344845264,-0.008238030043629569,1.0,0.03258930338781294,-0.00590928525142618,0.0009500549687377923,0.0008309651073159018,0.01077813225518613,-0.054283348983428015,0.0018806812153168986,-0.009994086674849268,0.011504602518426058,0.03407977474666168,0.012867962201872345,0.003293382795409798,0.02968628920446562,0.03210038395816407,-0.06345203422267645,0.018053943647261757,0.006233820540312191,0.014377154413567895,0.01461252609137092,-0.003086228760786994,0.015460817403780141,-0.030492337779004782,0.019100159588079025,-0.05144129816598152,-0.04991261746296713,0.012638604464522748,0.014233382855474354,0.0032213653350661154,0.003963316798581276,-0.006906656085580876,-0.012287014946219747,0.020817503278654774,0.0034977305496210445,0.00854548695398789,0.021466801131126135,-0.10338047426968897,0.026861916813298223,0.019939353698626257,-0.0042877640534887485,0.005535889323177872,-0.019268452105247,-0.007769310469619715,-0.006205838790884027,-0.015721055535554165,-0.03145017642729199,-0.008337716649805415,-0.00816100214380174,-0.006371956538831579,-0.006873393079026693,-0.006953924081985772,-0.007585565248940377,0.01969208639692096,-0.028198576073716942,0.009407184633142773,0.0033647119816520394,-0.10236548266806428,0.0018167091016820327,0.0017340712181714599,0.011904697280268689,0.004986836119964308,0.05155165962407287,-0.023352538265803857,0.1267697324019321,0.08970067592176785,0.014314296147248953,0.006793331500435847,-0.03559068477213372,0.01454942175918441,0.012417262228428736,-0.052272761016839905,0.0018171407467263848,0.012781111143667671
LotConfig,0.07590993476269503,-0.009895037370365746,-0.1778214639361924,-0.18710755681409402,0.013960298589364067,0.22881437237171642,-0.025527353642065473,0.03258930338781294,1.0,0.007256117910926232,0.02145658375491633,0.03386810673971225,0.10722948819591692,-0.03294548610213437,-0.03108628926871477,-0.030787850486789965,0.01362880498046139,-0.00516079283275388,-0.010364092879100563,-0.06846480716750919,0.023316326499071914,0.005546111486137013,-0.03163893610747708,-0.003004586896718637,-0.04372520552399149,-0.011755333705625481,-0.009972624202956219,-0.022321172204362583,-0.01687549925343835,0.024592209718970956,-0.023803899419402745,-0.010377746607354197,-0.01035681154674184,-0.011410848176152254,-0.04004907656323076,-2.3527633322143684e-05,0.011417008084822662,-0.003728844181442639,-0.06241421635923678,-0.05155634656851524,-0.007102136955713022,-0.08920811187021134,-0.012950616415652951,-0.009926883382203783,-0.0075306955894888635,-0.025803818167132626,-0.05657366294211836,-0.002500047845557345,-0.012934973711191202,-0.04924607681314484,-0.010482459030018102,-0.061043428054140696,-0.035480660440007375,-0.03124417433241051,-0.0669673876401683,-0.06402327213312156,-0.0185155868492924,-0.020336496751690483,-0.045058394325900565,-0.035634569604096215,-0.05461367802720945,-0.07042897844615963,-0.01869213515097083,-0.004656819931180169,-0.0492861888144407,-0.06674584865883756,-0.05872318424468789,-0.02137632839326586,0.018902253295266652,-0.005992402890132846,0.014324649239053416,0.05157901887367035,-0.06739602315941719,-0.026154380107329536,0.004796661220871408,-0.021170384020777828,-0.0030782894516822494,0.015272812562961452,-0.049723719268328276,-0.04218843794480612
LandSlope,0.025671507534940553,0.02205503931073034,-0.06560322793290738,-0.25590152143107797,0.17935952128248417,0.14424843659361897,0.37426717404096616,-0.00590928525142618,0.007256117910926232,1.0,0.016761690845535894,0.026321541537058683,0.05358235775912682,0.031793338350583046,0.0664496299613694,-0.010354519973040472,0.07363916677404173,0.059104500753293106,0.027739319316104027,-0.17867755039452599,0.04566030015869065,0.03287828253712968,0.02108293209555316,0.08652483107639695,0.0396098132032755,0.0277815421852519,0.007085075541288351,-0.02660837549792388,-0.2618825585407454,-0.051000436880139624,-0.11383419449908892,-0.07646544509693753,-0.08551838469623717,0.1164564936681581,-0.032498001136913514,-0.005856442969911732,0.05744411099338406,0.010848598538158892,-0.06832290500497296,0.009255411022848825,-0.009670638679804422,-0.04386046727989273,-0.11616452778425214,-0.07029914156002245,0.0469357608298132,-0.000780656721696559,0.04819640284383375,0.03646740063092785,0.039473535343874634,0.0337681608701447,0.09514041523865761,-0.12399473838394692,-0.05192178724079611,0.0253828807495849,0.0026834619178457172,-0.0048255276586758435,0.005954913483786729,0.015894767751327768,0.024537858827341632,-0.09515593665922813,0.032621587876326776,0.008842974418766327,-0.026009934588445284,-0.05297604299300292,0.015663024906722816,0.014950550231241415,0.04324144096699434,-0.04106100176218543,-0.007071686658055926,0.0023046324157141042,-0.05485848195538189,0.04309480090877796,-0.05115224817946585,-0.11736047667280922,-0.05896455604289093,-0.041014102289276995,0.0030490088280709835,-0.05903766372858743,0.015666746398002793,0.040986169091080445
Condition1,-0.024761769594588534,-0.027873815594704685,-0.009340924488378569,0.058579465216329674,-0.0716574549462113,-0.13447174367502057,0.02480096006079445,0.0009500549687377923,0.02145658375491633,0.016761690845535894,1.0,-0.07426772633586495,-0.02350146465219934,0.09671421934957873,0.10010455234404947,-0.032242956994590996,0.15830575412765796,0.13662171710049395,0.002955732011452368,0.009924037719269226,0.013145684427688114,0.0036493190357302164,0.02239846856141874,0.08490920002922278,-0.02437678573330124,0.07402032989758103,0.12740755760308273,0.06001806905161577,0.028105013658764673,0.05237531605423145,0.030981132517362443,0.04477282869000521,0.028699695386710636,0.014671693954211784,0.05754018634363371,-0.023183307546267837,0.08415595136369397,0.012772001895649825,0.048172324500716936,0.017420764173696757,-0.03354118979780468,0.04513296675861707,0.02651416572245867,-0.058328333805152,0.09598454237739125,0.06024071053355897,0.013682407397481357,-0.07572393457358473,0.07069899963481963,0.052524163416159224,-0.02094586390970049,0.005877565340789832,0.03182767828073355,0.1450245091544474,0.10424014869119275,0.07520849309910398,0.08157748610814214,0.08639689945035174,0.10586419823646177,0.04533771979207531,0.0858607175009274,-0.07921305194947852,0.08703528805604355,0.011042524081633845,0.008921029173505481,-0.020008966806611395,-0.058192366243092056,-0.0034771384199770447,-0.009868314397198378,-0.009819075885990219,-0.0023381699131982125,0.05774692140079294,0.09115491154092925,0.05550164866838963,-0.137214890896103,-0.08010481086522803,-0.08904273436888045,0.014847138774325468,0.008901823575860153,-0.057737597524094
Condition2,-0.04239476561305654,0.044606072432189656,0.0025988340119690594,0.028730175759456442,0.0020389372292065485,-0.0322683078765135,-0.016185045420868353,0.0008309651073159018,0.03386810673971225,0.026321541537058683,-0.07426772633586495,1.0,0.00901392842929044,-0.02693996262373159,0.014938564603797364,0.014494333924181601,0.028803348664997664,0.007511615537619171,0.041437277481956324,-0.003992825148321366,-0.005375074122637516,-0.01575098130511449,0.037736274365860106,0.028792962689210173,0.045201937616890946,-0.006442378349671113,0.024547530569247338,0.01332561851645941,-0.0013922438554797869,-0.008223189813133126,0.013228668632858036,0.03864484862425879,0.05411625892679216,0.016863077726315342,0.050637185413813,-0.003905512757189697,-0.04341155813118433,-0.023798307384550903,0.03998776108237703,-0.0002722102731561802,-0.04424162524474556,0.025470512774284394,-0.0005308552961492602,-0.007651339139892135,0.020263786319542794,0.02317939726872139,-0.014262252780276924,0.029313860397662796,-0.008529531097768524,0.020814426221881073,0.007523822989907645,-0.013774827464283206,0.0016012390499349147,0.013071990883502213,0.024056535399012893,0.05539539185134611,0.0046729824929544654,0.03048982894026818,-0.006787946826680485,0.011633111188106381,0.03450681502616149,0.01309781386671661,-0.004079303091011244,-0.008576482506071653,-0.002202538313642243,-0.002102349954139941,-0.012248896793033622,0.038570753840840265,0.004048698202311237,-0.02149471227034686,0.0048480011667991355,0.04507426667841304,0.007512734036333074,0.026450754475383458,-0.008641393280909194,-0.029206195703969012,0.007127840886276763,-0.009711393323161163,-0.0022030616306372855,-0.00878631993745241
BldgType,0.7460629359877883,0.005690470838559291,-0.4080130583197458,-0.5649105613876865,-0.01824303509165913,0.11484820044968619,0.051142773017362156,0.01077813225518613,0.10722948819591692,0.05358235775912682,-0.02350146465219934,0.00901392842929044,1.0,0.06655185885840946,0.04983433929116338,-0.16203952412065367,0.21758437155079022,0.10485534709673343,-0.0543885687599105,-0.038423561575983166,-0.1121119622294755,-0.14274840749630738,0.04314859989969599,0.10653206571046295,-0.06707107092711642,0.1428921372525687,0.1049968834689328,-0.013622977565863064,0.03338576862564305,0.10880852818899607,0.0069995822369988536,-0.010914631110182586,-0.01737569500231148,-0.05055610695162115,-0.050032698975098024,0.005548897428925709,0.022326350420076364,0.01819680525423474,-0.0736880221953248,-0.0842119208158819,-0.009047556660146942,-0.1269751948321254,0.05153571676132107,-0.003413105598089346,0.07075749280524249,-0.007587951216334065,-0.2775430111844935,0.18292612961173524,0.05568259590388287,-0.19841336911299884,0.01534944062835219,-0.08994173755370759,-0.05914423236776177,0.0401413057047677,0.007402281136718661,-0.061421040860048674,-0.014556726569608722,-0.019401251298863886,0.05939016993252539,-0.013074794127876191,-0.037159887590571955,-0.11472649697747485,-0.018030110112439483,-0.02804567573371987,-0.028568286481041812,-0.027268781387941733,-0.13290744195391418,-0.05136404208074826,-0.025764379821536797,0.0020059232662203537,-0.04030559761737846,-0.0035303386575676592,-0.08559060818352893,0.03789133632997703,-0.10476804565704065,-0.18004636935332563,0.1280746941974773,0.09748666432344108,-0.028575074226682026,-0.15022348371022384
HouseStyle,0.39716099194281906,-0.10531478081540083,0.030567277286280305,-0.04555871458241579,0.02370366244685528,-0.10170034500552043,0.07523376458850027,-0.054283348983428015,-0.03294548610213437,0.031793338350583046,0.09671421934957873,-0.02693996262373159,0.06655185885840946,1.0,0.21843982167271822,-0.03132924031024234,0.2704942103329694,0.20997345131365885,-0.03262887628926835,0.04535815025758303,-0.03644519749853169,-0.07100269761245874,0.16914831435914743,0.12977745846292163,0.0115640087102095,0.18605053726079798,0.20809499629401348,0.10692924015466357,0.18266708624292027,0.11848625336691618,0.01083062847185917,0.013323444808559263,-0.027666231120301542,-0.14335032932073766,-0.1432967355743416,-0.07537590329987952,0.084789799908542,0.07506011277473906,-0.172351462678314,0.4765425404557816,-0.0726280760654372,0.26138036182705904,0.037442756928107154,0.041722357659592355,0.237818692640699,0.414705194863864,0.1848364173410547,-0.004244915669441704,0.13687406989757442,0.24577775515015343,0.052021239968194265,0.10216941153933264,0.08174201980046385,0.21806181329415006,0.19676074453239645,0.15548106334269776,0.09555420170411225,0.08406028297583429,0.11558030564959704,0.08759841555544846,0.13645199183392262,-0.06517637006351565,-0.018529642430665013,-0.025323468612800194,0.07655803926919515,0.08133723766670777,-0.008536489404948173,-0.051584257920650904,0.025728147830980153,-0.01800509686426974,0.048581944662180146,0.022753438729247105,0.18016262334399255,0.051841310709080345,-0.21115420758278616,-0.15666982178002375,0.08539387526673364,0.10092981403890387,0.07645118047527866,-0.028895916410128862
OverallQual,0.032627707521842186,-0.1600991773969082,0.23481225627196242,0.17822004613982978,0.058823186670459576,-0.19899376816487555,0.028907307868038815,0.0018806812153168986,-0.03108628926871477,0.0664496299613694,0.10010455234404947,0.014938564603797364,0.04983433929116338,0.21843982167271822,1.0,-0.09193234263907184,0.572322768962362,0.550683924194174,0.1676766283789508,0.07450935114801034,0.16140584836204233,0.1523963131645106,0.407252123524017,0.7262784907641455,0.01395286115037391,0.3961859944605258,0.6293791143641079,0.2687585590744725,0.296516841233195,0.23250262419484605,0.23966596617889305,-0.04434930183844694,-0.05911869267069023,0.30815892690564345,0.5378084986123927,-0.11295362877664977,0.45708254828661204,0.2720384241063776,0.4762238290781775,0.29549287919971035,-0.029924123004061987,0.5930074300286511,0.11109778614230408,-0.04015015766998875,0.5505997093682552,0.27345809864277076,0.10167635624178653,-0.18388223454922223,0.6733307811877849,0.42745234327798615,0.14543565555308613,0.39676503795208756,0.49078781797807025,0.5568634460590627,0.6006707165907189,0.5620217566126064,0.2923992413660585,0.286955038294163,0.2293929894619448,0.23892339224919107,0.30881882335945265,-0.11393685859568092,0.027545965987539958,0.06488636049351724,0.0726505625229173,0.08369029260784724,-0.14311945303873339,-0.08513084299391,0.07081517178517302,-0.02734670832780769,-0.06047195407267832,0.1937025526990625,0.7909816005838047,0.3154674378287067,-0.5524975216705655,-0.2417308265221408,-0.272083276510121,0.09356412718903075,0.07390693557589403,-0.18963938871948
OverallCond,-0.05931581708410461,0.18695110169874074,-0.05328066820374141,-0.006307665348357744,0.04284839868147324,0.03374664227524116,-0.045270711199393895,-0.009994086674849268,-0.030787850486789965,-0.010354519973040472,-0.032242956994590996,0.014494333924181601,-0.16203952412065367,-0.03132924031024234,-0.09193234263907184,1.0,-0.37598319560698873,0.07374149814528969,-0.010054089444800922,0.027461284550682044,-0.041164725622270554,-0.02807223938322544,-0.12569363361953712,-0.13894225490810239,0.38916311389975,-0.29425795207516103,-0.16499645565460333,0.13236080442287193,-0.05673150169761476,-0.01447868542061661,-0.046230855918224914,0.10167355044866767,0.04022916989976808,-0.1368405698935219,-0.17109751462492115,-0.09077046298738811,-0.014104704785778747,0.11896942542421683,-0.1442027840490588,0.028942115965816365,0.02857982179631698,-0.07968586538833754,-0.054941515432952504,0.117820915081395,-0.19414948874930252,-0.06076932676159386,0.012980060094550657,-0.08700085543637874,-0.02670668967363503,-0.05758316611286472,0.11890903179038054,-0.02381997776166174,-0.05689876783960989,-0.17124500211699759,-0.1857575105783602,-0.1515213705702289,0.019059623024724814,0.016706186131439312,-0.06223608739211569,-0.00333369928938553,-0.03258881352158479,0.07035618448230385,0.038834682625563825,0.05481052878611371,-0.00808505339700196,-0.013646445609588295,0.15782583222878713,0.0792514540096151,-0.0035108385999397577,0.043949745692480675,0.09526717199539905,0.01775828966535191,-0.0778558940486776,-0.0585938220467574,-0.07095043873136082,0.5261465567146428,0.03795424069991749,-0.15946002486681596,-0.009157744022254806,0.17074826994222658
YearBuilt,0.027850136946706617,-0.3089081606360638,0.11668539243209132,0.021943303013167142,0.021136760051271013,-0.2293649585001698,0.161622387559156,0.011504602518426058,0.01362880498046139,0.07363916677404173,0.15830575412765796,0.028803348664997664,0.21758437155079022,0.2704942103329694,0.572322768962362,-0.37598319560698873,1.0,0.5928549763436497,0.04893547350282022,-0.020963443925011673,0.09725311326824848,0.07571625612021092,0.3116001068286096,0.5981604780637519,-0.10392494437993342,0.6348419432638346,0.6027970051299923,0.1831146145064754,0.2896228864132231,0.35100231327113257,0.24950319668479937,-0.03951214342733868,-0.049106831196239806,0.14904039195440044,0.39145200206609476,-0.1723341139782369,0.4488551737966039,0.38183075179950254,0.28198585869980175,0.01030765958436373,-0.18226569085782054,0.1990097136764581,0.1875985499971459,-0.038161805671233694,0.4682707871726734,0.24265591024106203,-0.07065121690473095,-0.1748002456149784,0.5301653410820278,0.0955891282979514,0.14879161952670686,0.1477163994124546,0.2245451449031176,0.5957814390487292,0.5378500917111045,0.4789538198934912,0.2870542890274937,0.2910958538338141,0.42756064098546726,0.22488014230399725,0.18868584000173075,-0.38726778292807656,0.028977078276214308,-0.05036443453861163,0.005804989225127986,0.002112532303986564,-0.20252034878783862,-0.07781902923165214,0.012398470595442182,-0.013617680001842058,-0.05242478897684048,0.20104426275036502,0.5228973328794967,0.3178591049844722,-0.5938508417979191,-0.7338956879835212,-0.2538417173300022,0.3059184444348051,0.0059525694750003555,-0.2277685137539401
YearRemodAdd,0.0405810447840647,-0.17472766140720167,0.08334808718378263,0.027672196401435773,0.0654648242956895,-0.17548803638056146,0.09337417566538331,0.03407977474666168,-0.00516079283275388,0.059104500753293106,0.13662171710049395,0.007511615537619171,0.10485534709673343,0.20997345131365885,0.550683924194174,0.07374149814528969,0.5928549763436497,1.0,0.02772850217783243,-0.03326000343720831,0.23973969268821696,0.2163718637213138,0.1765291806020678,0.5873183936857596,0.07474503272966306,0.4386427423280186,0.5150132979980345,0.18802674050927437,0.22140453590356632,0.22438285513747236,0.12845054712828968,-0.039159035184672994,-0.06775851356598678,0.18113308705016823,0.29106558260416654,-0.15747420813535015,0.5500172865774632,0.29887802174153794,0.24037926760355563,0.14002377880486408,-0.057486462667215577,0.28738851965033274,0.1194698791112425,-0.01233703212779989,0.43904648387234635,0.18333061171853401,-0.04058092806774957,-0.14959752104274765,0.6253160534232259,0.1917398162928071,0.07254266774646652,0.11258131843947493,0.19610329028438384,0.4445412321542106,0.4206221549432185,0.371599809497309,0.14892458350232177,0.14408757109850284,0.16845702431112217,0.20572592049010316,0.2262976326829877,-0.19391914709920693,0.05239811339766372,-0.03874001074260982,0.009024970776645583,0.010058959810700908,-0.13685779759899688,-0.07457449883678284,0.021490002226876855,0.03574324712128322,0.01964738002507208,0.2216865867355828,0.5071009671113867,0.20928732487005194,-0.9979308897647774,0.11192240722150296,-0.24947301662575838,0.09620248453986543,0.009579937963183616,-0.16400833285987246
RoofStyle,-0.11781652581320114,-0.00030067281482476244,0.15399929428565773,0.14294036070007426,-0.019731610028708067,0.0007376595584750265,-0.0042464495233401345,0.012867962201872345,-0.010364092879100563,0.027739319316104027,0.002955732011452368,0.041437277481956324,-0.0543885687599105,-0.03262887628926835,0.1676766283789508,-0.010054089444800922,0.04893547350282022,0.02772850217783243,1.0,-0.011138802208760687,-0.035981712509859404,-0.06572535311190754,0.24896135091481073,0.12844278236561474,-0.016492466039785377,0.023238488577257386,0.06374382282271551,-0.010441873309145696,0.03425811022393015,0.05530430898164798,0.18936812170392073,0.010938420559970581,0.01447093697480753,0.05054153361791876,0.25310272565591646,-0.038228284380752944,0.02140595569168636,0.013227710938912115,0.2979278294273203,-0.07293918033527008,-0.027700270858655524,0.15670654185236746,0.08576799361120131,0.0018461815013517296,0.02313007392095179,-0.01361822353600262,0.02314620879059825,0.004103011900528546,0.09339875841845982,0.14586380725475653,-0.0015080729207014542,0.12325973319748555,0.1498647176757381,0.13722850621561047,0.1323481994625917,0.14186608913561902,0.06886267528374572,0.06212205598114901,-0.00469845418541847,0.07910865208516266,0.005977610404354619,-0.014672636570127845,0.022682328031863267,0.06666682026003307,0.024531892166579236,0.022379947688972335,-0.015489408746881086,0.03348771526638221,0.009767432951559967,0.019384628087614427,-0.03294536030953636,0.06594577444990883,0.22240529240713802,0.17561332739949392,-0.026425386631644194,-0.03699583314351718,-0.07976554206371268,0.027490780328033877,0.025279590010922382,-0.0005973303211363814
RoofMatl,-0.03133648057732797,0.005132682228542435,0.08127737988285214,0.1733926335333103,0.008080966014661694,-0.07680918434910451,-0.02022941747345671,0.003293382795409798,-0.06846480716750919,-0.17867755039452599,0.009924037719269226,-0.003992825148321366,-0.038423561575983166,0.04535815025758303,0.07450935114801034,0.027461284550682044,-0.020963443925011673,-0.03326000343720831,-0.011138802208760687,1.0,-0.002759175265720503,-0.01336708828121899,0.03527690887115255,0.024805211944989157,0.05803268066082297,-0.027908659610692565,0.023762212951622712,0.023116943542400684,0.14971036108946909,0.02439782642602874,0.043404026711160705,0.029232115655730757,0.06523193620646459,-0.004071082950363672,0.06501125838278629,2.655026930069425e-05,-0.056004796957184806,0.014640299803108178,0.1503406123040069,0.012120180108288615,0.04152235696343992,0.12674378651944337,0.05117432474988769,0.07508979619528608,0.005902499611342022,0.033858196009922494,-0.017260332750980063,-0.031792217733764144,0.032262777186990006,0.04718550390520216,-0.04385472851591678,0.08618775304245735,0.06836184490888325,0.02724993425907826,0.04227561337674796,0.047563122845135114,0.039357044721506945,0.009570165230570221,0.0364489861530189,0.12055379343061888,0.04943994856692409,-0.02891769452111435,0.000558822158339173,0.10101343479233033,0.04406628826059106,0.04271027536365138,0.027786343451532493,-0.02396197445000612,0.03452320732470383,-0.029056958499295855,0.011475002583240036,-0.04547535516148921,0.1323831119277861,0.06194564848474898,0.031395040898393976,-0.002186157880306687,0.026651470325166737,0.011919393066971871,0.040935730797902234,0.014007357974621359
Exterior1st,-0.08915854786290454,-0.008558494208014859,0.07545478530256779,0.08539284833976155,0.0025051200009042576,-0.03559701047415782,-0.011808541829089594,0.02968628920446562,0.023316326499071914,0.04566030015869065,0.013145684427688114,-0.005375074122637516,-0.1121119622294755,-0.03644519749853169,0.16140584836204233,-0.041164725622270554,0.09725311326824848,0.23973969268821696,-0.035981712509859404,-0.002759175265720503,1.0,0.8541629837325929,0.023587074424055398,0.16644572204631003,0.005368037533669106,0.12293567887205441,0.16580495230557457,0.06612591043905905,0.06372055445088312,-0.042085574101926156,-0.06660379439297566,-0.033028806830418825,-0.054683858284678574,0.13482488997348904,0.04644402239063206,-0.06616973045765662,0.2681980289443347,0.030703317085926878,0.0051383553781989165,0.07002049739689685,0.030149388642435722,0.0656131445048872,-0.009464315106892043,0.00047471041167410945,0.11619856177035422,-0.0064716817531244135,-0.0005758874528225293,-0.0889883716732,0.15125182674280793,0.06669566101525311,0.014219887879163711,0.00729198811360916,0.06501647715379791,0.09008327035421654,0.12458971231184532,0.10140045038063683,0.03173523507753891,0.03582295511819839,-0.0560351966466137,0.04575600896077276,0.08000659844442236,-0.023293983060041233,-0.03368110279553696,-0.04695192156221857,0.0014345297935576314,0.012559253344779416,-0.12017661782063409,-0.012778370772628481,-0.004962084510830804,-0.04018142425951027,0.011756636318627722,0.0625517758535933,0.1035510111909066,-0.0469089581630338,-0.24243749648072954,0.08220946377698858,-0.10064355639717651,-0.01707710800614577,0.001946154751869566,-0.11822878219097296
Exterior2nd,-0.13722852284735626,0.006962587224453456,0.09951476343181105,0.10388174342516339,0.006165918824980209,-0.044389943585168824,-0.034081842094354046,0.03210038395816407,0.005546111486137013,0.03287828253712968,0.0036493190357302164,-0.01575098130511449,-0.14274840749630738,-0.07100269761245874,0.1523963131645106,-0.02807223938322544,0.07571625612021092,0.2163718637213138,-0.06572535311190754,-0.01336708828121899,0.8541629837325929,1.0,0.0015862282471987318,0.15325460147104955,-0.0013491376605309884,0.11745396790035241,0.12289811298995995,0.03270153879119607,0.0416140305034773,-0.06307440342701423,-0.0797488695572385,-0.03333129876422852,-0.03602608287369643,0.13304853745878747,0.03784942325569709,-0.03345678086765032,0.23746221186516206,0.014337730120289474,0.017361176042604762,0.06329159301270061,0.016399361133918985,0.06784934660713712,-0.013418924917160015,-0.0466520146129822,0.11445604109692081,-0.01035774756046834,0.005279133426879509,-0.05456106922346266,0.12984932988580675,0.06850260347804403,-0.013198523046760995,0.01770047602781455,0.06549089413263663,0.07393314377419322,0.12395268529918847,0.09500643273727602,0.020915512180264627,0.031413090401234633,-0.04196780820540564,0.02861284340138787,0.0760376269809846,-0.016480406195363336,-0.013822503705248977,-0.020162217723980646,-0.015500369559902546,-0.009956559523020431,-0.10053392136737921,-0.015263736786485368,-0.017662140822118328,-0.03478064870332698,0.020023919175902165,0.0687235028377753,0.10376553702965864,-0.0594923712317976,-0.21871794051841628,0.08907472380758753,-0.10974741127725163,-0.026057906120562857,-0.015066805025383871,-0.09741931682761304
MasVnrArea,0.02357296811038265,-0.06282997741248686,0.17846857314547948,0.12236189429255134,0.017108357232015554,-0.0897996513510449,0.048274124283410845,-0.06345203422267645,-0.03163893610747708,0.02108293209555316,0.02239846856141874,0.037736274365860106,0.04314859989969599,0.16914831435914743,0.407252123524017,-0.12569363361953712,0.3116001068286096,0.1765291806020678,0.24896135091481073,0.03527690887115255,0.023587074424055398,0.0015862282471987318,1.0,0.34532911457730997,-0.018065445996186896,0.17458610984193634,0.27748996577911766,0.07320976503564638,0.1751109274846844,0.18472816496044667,0.26125605491316733,-0.04498273890880729,-0.07132962764448654,0.11386216308161363,0.3600673680536418,-0.04838334715688337,0.15713011185720746,0.12640868046224488,0.3398504136832538,0.1738000004355765,-0.07625354139014714,0.3880520522217631,0.08301004780135988,0.027402662333464736,0.27299885572643545,0.1991075194121956,0.10277451613689204,-0.03845011208085639,0.28261984807012525,0.2795678875257755,0.0826638094083441,0.24701527736214413,0.27494982151054326,0.2759213444756085,0.36194456617745846,0.3708841528089,0.134947048696248,0.13374850638553826,0.14410336830598688,0.15999052961835444,0.12252833183190291,-0.10990679726021627,0.018139117322882002,0.062247711193215836,0.018381939210777028,0.015072864695654584,-0.09246428740597752,-0.04686564701438895,-0.006723203934639887,-0.008316622580932957,-0.055131806200423114,0.08663753213337362,0.47261449900457725,0.2647264031028584,-0.17699057609566562,-0.23560230029621415,-0.08364743776383965,0.07022923885942181,0.019602917200196718,-0.10202742781770811
